{ N: 7,
  mean: 6.828571428571428,
  M2: 63.41428571428572,
  variance: 10.56904761904762,
  stdev: 3.2510071699471257 }